title:wothins picks

// Chroma Rush ()
//notes: wothin preferred. MW: stability
dimwishlist:item=1119734784&perks=3661387068,3177308360,2946784966,11612903
dimwishlist:item=1119734784&perks=3661387068,3177308360,2946784966,3425386926
dimwishlist:item=1119734784&perks=3661387068,3177308360,1820235745,11612903
dimwishlist:item=1119734784&perks=3661387068,3177308360,1820235745,3425386926
dimwishlist:item=1119734784&perks=3661387068,3142289711,2946784966,11612903
dimwishlist:item=1119734784&perks=3661387068,3142289711,2946784966,3425386926
dimwishlist:item=1119734784&perks=3661387068,3142289711,1820235745,11612903
dimwishlist:item=1119734784&perks=3661387068,3142289711,1820235745,3425386926
dimwishlist:item=1119734784&perks=3661387068,1087426260,2946784966,11612903
dimwishlist:item=1119734784&perks=3661387068,1087426260,2946784966,3425386926
dimwishlist:item=1119734784&perks=3661387068,1087426260,1820235745,11612903
dimwishlist:item=1119734784&perks=3661387068,1087426260,1820235745,3425386926
dimwishlist:item=1119734784&perks=3661387068,106909392,2946784966,11612903
dimwishlist:item=1119734784&perks=3661387068,106909392,2946784966,3425386926
dimwishlist:item=1119734784&perks=3661387068,106909392,1820235745,11612903
dimwishlist:item=1119734784&perks=3661387068,106909392,1820235745,3425386926
dimwishlist:item=1119734784&perks=3661387068,2420895100,2946784966,11612903
dimwishlist:item=1119734784&perks=3661387068,2420895100,2946784966,3425386926
dimwishlist:item=1119734784&perks=3661387068,2420895100,1820235745,11612903
dimwishlist:item=1119734784&perks=3661387068,2420895100,1820235745,3425386926
dimwishlist:item=1119734784&perks=3661387068,1431678320,2946784966,11612903
dimwishlist:item=1119734784&perks=3661387068,1431678320,2946784966,3425386926
dimwishlist:item=1119734784&perks=3661387068,1431678320,1820235745,11612903
dimwishlist:item=1119734784&perks=3661387068,1431678320,1820235745,3425386926
dimwishlist:item=1119734784&perks=3661387068,3230963543,2946784966,11612903
dimwishlist:item=1119734784&perks=3661387068,3230963543,2946784966,3425386926
dimwishlist:item=1119734784&perks=3661387068,3230963543,1820235745,11612903
dimwishlist:item=1119734784&perks=3661387068,3230963543,1820235745,3425386926
dimwishlist:item=1119734784&perks=839105230,3177308360,2946784966,11612903
dimwishlist:item=1119734784&perks=839105230,3177308360,2946784966,3425386926
dimwishlist:item=1119734784&perks=839105230,3177308360,1820235745,11612903
dimwishlist:item=1119734784&perks=839105230,3177308360,1820235745,3425386926
dimwishlist:item=1119734784&perks=839105230,3142289711,2946784966,11612903
dimwishlist:item=1119734784&perks=839105230,3142289711,2946784966,3425386926
dimwishlist:item=1119734784&perks=839105230,3142289711,1820235745,11612903
dimwishlist:item=1119734784&perks=839105230,3142289711,1820235745,3425386926
dimwishlist:item=1119734784&perks=839105230,1087426260,2946784966,11612903
dimwishlist:item=1119734784&perks=839105230,1087426260,2946784966,3425386926
dimwishlist:item=1119734784&perks=839105230,1087426260,1820235745,11612903
dimwishlist:item=1119734784&perks=839105230,1087426260,1820235745,3425386926
dimwishlist:item=1119734784&perks=839105230,106909392,2946784966,11612903
dimwishlist:item=1119734784&perks=839105230,106909392,2946784966,3425386926
dimwishlist:item=1119734784&perks=839105230,106909392,1820235745,11612903
dimwishlist:item=1119734784&perks=839105230,106909392,1820235745,3425386926
dimwishlist:item=1119734784&perks=839105230,2420895100,2946784966,11612903
dimwishlist:item=1119734784&perks=839105230,2420895100,2946784966,3425386926
dimwishlist:item=1119734784&perks=839105230,2420895100,1820235745,11612903
dimwishlist:item=1119734784&perks=839105230,2420895100,1820235745,3425386926
dimwishlist:item=1119734784&perks=839105230,1431678320,2946784966,11612903
dimwishlist:item=1119734784&perks=839105230,1431678320,2946784966,3425386926
dimwishlist:item=1119734784&perks=839105230,1431678320,1820235745,11612903
dimwishlist:item=1119734784&perks=839105230,1431678320,1820235745,3425386926
dimwishlist:item=1119734784&perks=839105230,3230963543,2946784966,11612903
dimwishlist:item=1119734784&perks=839105230,3230963543,2946784966,3425386926
dimwishlist:item=1119734784&perks=839105230,3230963543,1820235745,11612903
dimwishlist:item=1119734784&perks=839105230,3230963543,1820235745,3425386926
dimwishlist:item=1119734784&perks=4090651448,3177308360,2946784966,11612903
dimwishlist:item=1119734784&perks=4090651448,3177308360,2946784966,3425386926
dimwishlist:item=1119734784&perks=4090651448,3177308360,1820235745,11612903
dimwishlist:item=1119734784&perks=4090651448,3177308360,1820235745,3425386926
dimwishlist:item=1119734784&perks=4090651448,3142289711,2946784966,11612903
dimwishlist:item=1119734784&perks=4090651448,3142289711,2946784966,3425386926
dimwishlist:item=1119734784&perks=4090651448,3142289711,1820235745,11612903
dimwishlist:item=1119734784&perks=4090651448,3142289711,1820235745,3425386926
dimwishlist:item=1119734784&perks=4090651448,1087426260,2946784966,11612903
dimwishlist:item=1119734784&perks=4090651448,1087426260,2946784966,3425386926
dimwishlist:item=1119734784&perks=4090651448,1087426260,1820235745,11612903
dimwishlist:item=1119734784&perks=4090651448,1087426260,1820235745,3425386926
dimwishlist:item=1119734784&perks=4090651448,106909392,2946784966,11612903
dimwishlist:item=1119734784&perks=4090651448,106909392,2946784966,3425386926
dimwishlist:item=1119734784&perks=4090651448,106909392,1820235745,11612903
dimwishlist:item=1119734784&perks=4090651448,106909392,1820235745,3425386926
dimwishlist:item=1119734784&perks=4090651448,2420895100,2946784966,11612903
dimwishlist:item=1119734784&perks=4090651448,2420895100,2946784966,3425386926
dimwishlist:item=1119734784&perks=4090651448,2420895100,1820235745,11612903
dimwishlist:item=1119734784&perks=4090651448,2420895100,1820235745,3425386926
dimwishlist:item=1119734784&perks=4090651448,1431678320,2946784966,11612903
dimwishlist:item=1119734784&perks=4090651448,1431678320,2946784966,3425386926
dimwishlist:item=1119734784&perks=4090651448,1431678320,1820235745,11612903
dimwishlist:item=1119734784&perks=4090651448,1431678320,1820235745,3425386926
dimwishlist:item=1119734784&perks=4090651448,3230963543,2946784966,11612903
dimwishlist:item=1119734784&perks=4090651448,3230963543,2946784966,3425386926
dimwishlist:item=1119734784&perks=4090651448,3230963543,1820235745,11612903
dimwishlist:item=1119734784&perks=4090651448,3230963543,1820235745,3425386926
dimwishlist:item=1119734784&perks=1467527085,3177308360,2946784966,11612903
dimwishlist:item=1119734784&perks=1467527085,3177308360,2946784966,3425386926
dimwishlist:item=1119734784&perks=1467527085,3177308360,1820235745,11612903
dimwishlist:item=1119734784&perks=1467527085,3177308360,1820235745,3425386926
dimwishlist:item=1119734784&perks=1467527085,3142289711,2946784966,11612903
dimwishlist:item=1119734784&perks=1467527085,3142289711,2946784966,3425386926
dimwishlist:item=1119734784&perks=1467527085,3142289711,1820235745,11612903
dimwishlist:item=1119734784&perks=1467527085,3142289711,1820235745,3425386926
dimwishlist:item=1119734784&perks=1467527085,1087426260,2946784966,11612903
dimwishlist:item=1119734784&perks=1467527085,1087426260,2946784966,3425386926
dimwishlist:item=1119734784&perks=1467527085,1087426260,1820235745,11612903
dimwishlist:item=1119734784&perks=1467527085,1087426260,1820235745,3425386926
dimwishlist:item=1119734784&perks=1467527085,106909392,2946784966,11612903
dimwishlist:item=1119734784&perks=1467527085,106909392,2946784966,3425386926
dimwishlist:item=1119734784&perks=1467527085,106909392,1820235745,11612903
dimwishlist:item=1119734784&perks=1467527085,106909392,1820235745,3425386926
dimwishlist:item=1119734784&perks=1467527085,2420895100,2946784966,11612903
dimwishlist:item=1119734784&perks=1467527085,2420895100,2946784966,3425386926
dimwishlist:item=1119734784&perks=1467527085,2420895100,1820235745,11612903
dimwishlist:item=1119734784&perks=1467527085,2420895100,1820235745,3425386926
dimwishlist:item=1119734784&perks=1467527085,1431678320,2946784966,11612903
dimwishlist:item=1119734784&perks=1467527085,1431678320,2946784966,3425386926
dimwishlist:item=1119734784&perks=1467527085,1431678320,1820235745,11612903
dimwishlist:item=1119734784&perks=1467527085,1431678320,1820235745,3425386926
dimwishlist:item=1119734784&perks=1467527085,3230963543,2946784966,11612903
dimwishlist:item=1119734784&perks=1467527085,3230963543,2946784966,3425386926
dimwishlist:item=1119734784&perks=1467527085,3230963543,1820235745,11612903
dimwishlist:item=1119734784&perks=1467527085,3230963543,1820235745,3425386926
dimwishlist:item=1119734784&perks=1840239774,3177308360,2946784966,11612903
dimwishlist:item=1119734784&perks=1840239774,3177308360,2946784966,3425386926
dimwishlist:item=1119734784&perks=1840239774,3177308360,1820235745,11612903
dimwishlist:item=1119734784&perks=1840239774,3177308360,1820235745,3425386926
dimwishlist:item=1119734784&perks=1840239774,3142289711,2946784966,11612903
dimwishlist:item=1119734784&perks=1840239774,3142289711,2946784966,3425386926
dimwishlist:item=1119734784&perks=1840239774,3142289711,1820235745,11612903
dimwishlist:item=1119734784&perks=1840239774,3142289711,1820235745,3425386926
dimwishlist:item=1119734784&perks=1840239774,1087426260,2946784966,11612903
dimwishlist:item=1119734784&perks=1840239774,1087426260,2946784966,3425386926
dimwishlist:item=1119734784&perks=1840239774,1087426260,1820235745,11612903
dimwishlist:item=1119734784&perks=1840239774,1087426260,1820235745,3425386926
dimwishlist:item=1119734784&perks=1840239774,106909392,2946784966,11612903
dimwishlist:item=1119734784&perks=1840239774,106909392,2946784966,3425386926
dimwishlist:item=1119734784&perks=1840239774,106909392,1820235745,11612903
dimwishlist:item=1119734784&perks=1840239774,106909392,1820235745,3425386926
dimwishlist:item=1119734784&perks=1840239774,2420895100,2946784966,11612903
dimwishlist:item=1119734784&perks=1840239774,2420895100,2946784966,3425386926
dimwishlist:item=1119734784&perks=1840239774,2420895100,1820235745,11612903
dimwishlist:item=1119734784&perks=1840239774,2420895100,1820235745,3425386926
dimwishlist:item=1119734784&perks=1840239774,1431678320,2946784966,11612903
dimwishlist:item=1119734784&perks=1840239774,1431678320,2946784966,3425386926
dimwishlist:item=1119734784&perks=1840239774,1431678320,1820235745,11612903
dimwishlist:item=1119734784&perks=1840239774,1431678320,1820235745,3425386926
dimwishlist:item=1119734784&perks=1840239774,3230963543,2946784966,11612903
dimwishlist:item=1119734784&perks=1840239774,3230963543,2946784966,3425386926
dimwishlist:item=1119734784&perks=1840239774,3230963543,1820235745,11612903
dimwishlist:item=1119734784&perks=1840239774,3230963543,1820235745,3425386926
dimwishlist:item=1119734784&perks=202670084,3177308360,2946784966,11612903
dimwishlist:item=1119734784&perks=202670084,3177308360,2946784966,3425386926
dimwishlist:item=1119734784&perks=202670084,3177308360,1820235745,11612903
dimwishlist:item=1119734784&perks=202670084,3177308360,1820235745,3425386926
dimwishlist:item=1119734784&perks=202670084,3142289711,2946784966,11612903
dimwishlist:item=1119734784&perks=202670084,3142289711,2946784966,3425386926
dimwishlist:item=1119734784&perks=202670084,3142289711,1820235745,11612903
dimwishlist:item=1119734784&perks=202670084,3142289711,1820235745,3425386926
dimwishlist:item=1119734784&perks=202670084,1087426260,2946784966,11612903
dimwishlist:item=1119734784&perks=202670084,1087426260,2946784966,3425386926
dimwishlist:item=1119734784&perks=202670084,1087426260,1820235745,11612903
dimwishlist:item=1119734784&perks=202670084,1087426260,1820235745,3425386926
dimwishlist:item=1119734784&perks=202670084,106909392,2946784966,11612903
dimwishlist:item=1119734784&perks=202670084,106909392,2946784966,3425386926
dimwishlist:item=1119734784&perks=202670084,106909392,1820235745,11612903
dimwishlist:item=1119734784&perks=202670084,106909392,1820235745,3425386926
dimwishlist:item=1119734784&perks=202670084,2420895100,2946784966,11612903
dimwishlist:item=1119734784&perks=202670084,2420895100,2946784966,3425386926
dimwishlist:item=1119734784&perks=202670084,2420895100,1820235745,11612903
dimwishlist:item=1119734784&perks=202670084,2420895100,1820235745,3425386926
dimwishlist:item=1119734784&perks=202670084,1431678320,2946784966,11612903
dimwishlist:item=1119734784&perks=202670084,1431678320,2946784966,3425386926
dimwishlist:item=1119734784&perks=202670084,1431678320,1820235745,11612903
dimwishlist:item=1119734784&perks=202670084,1431678320,1820235745,3425386926
dimwishlist:item=1119734784&perks=202670084,3230963543,2946784966,11612903
dimwishlist:item=1119734784&perks=202670084,3230963543,2946784966,3425386926
dimwishlist:item=1119734784&perks=202670084,3230963543,1820235745,11612903
dimwishlist:item=1119734784&perks=202670084,3230963543,1820235745,3425386926
dimwishlist:item=1119734784&perks=3250034553,3177308360,2946784966,11612903
dimwishlist:item=1119734784&perks=3250034553,3177308360,2946784966,3425386926
dimwishlist:item=1119734784&perks=3250034553,3177308360,1820235745,11612903
dimwishlist:item=1119734784&perks=3250034553,3177308360,1820235745,3425386926
dimwishlist:item=1119734784&perks=3250034553,3142289711,2946784966,11612903
dimwishlist:item=1119734784&perks=3250034553,3142289711,2946784966,3425386926
dimwishlist:item=1119734784&perks=3250034553,3142289711,1820235745,11612903
dimwishlist:item=1119734784&perks=3250034553,3142289711,1820235745,3425386926
dimwishlist:item=1119734784&perks=3250034553,1087426260,2946784966,11612903
dimwishlist:item=1119734784&perks=3250034553,1087426260,2946784966,3425386926
dimwishlist:item=1119734784&perks=3250034553,1087426260,1820235745,11612903
dimwishlist:item=1119734784&perks=3250034553,1087426260,1820235745,3425386926
dimwishlist:item=1119734784&perks=3250034553,106909392,2946784966,11612903
dimwishlist:item=1119734784&perks=3250034553,106909392,2946784966,3425386926
dimwishlist:item=1119734784&perks=3250034553,106909392,1820235745,11612903
dimwishlist:item=1119734784&perks=3250034553,106909392,1820235745,3425386926
dimwishlist:item=1119734784&perks=3250034553,2420895100,2946784966,11612903
dimwishlist:item=1119734784&perks=3250034553,2420895100,2946784966,3425386926
dimwishlist:item=1119734784&perks=3250034553,2420895100,1820235745,11612903
dimwishlist:item=1119734784&perks=3250034553,2420895100,1820235745,3425386926
dimwishlist:item=1119734784&perks=3250034553,1431678320,2946784966,11612903
dimwishlist:item=1119734784&perks=3250034553,1431678320,2946784966,3425386926
dimwishlist:item=1119734784&perks=3250034553,1431678320,1820235745,11612903
dimwishlist:item=1119734784&perks=3250034553,1431678320,1820235745,3425386926
dimwishlist:item=1119734784&perks=3250034553,3230963543,2946784966,11612903
dimwishlist:item=1119734784&perks=3250034553,3230963543,2946784966,3425386926
dimwishlist:item=1119734784&perks=3250034553,3230963543,1820235745,11612903
dimwishlist:item=1119734784&perks=3250034553,3230963543,1820235745,3425386926
dimwishlist:item=1119734784&perks=1392496348,3177308360,2946784966,11612903
dimwishlist:item=1119734784&perks=1392496348,3177308360,2946784966,3425386926
dimwishlist:item=1119734784&perks=1392496348,3177308360,1820235745,11612903
dimwishlist:item=1119734784&perks=1392496348,3177308360,1820235745,3425386926
dimwishlist:item=1119734784&perks=1392496348,3142289711,2946784966,11612903
dimwishlist:item=1119734784&perks=1392496348,3142289711,2946784966,3425386926
dimwishlist:item=1119734784&perks=1392496348,3142289711,1820235745,11612903
dimwishlist:item=1119734784&perks=1392496348,3142289711,1820235745,3425386926
dimwishlist:item=1119734784&perks=1392496348,1087426260,2946784966,11612903
dimwishlist:item=1119734784&perks=1392496348,1087426260,2946784966,3425386926
dimwishlist:item=1119734784&perks=1392496348,1087426260,1820235745,11612903
dimwishlist:item=1119734784&perks=1392496348,1087426260,1820235745,3425386926
dimwishlist:item=1119734784&perks=1392496348,106909392,2946784966,11612903
dimwishlist:item=1119734784&perks=1392496348,106909392,2946784966,3425386926
dimwishlist:item=1119734784&perks=1392496348,106909392,1820235745,11612903
dimwishlist:item=1119734784&perks=1392496348,106909392,1820235745,3425386926
dimwishlist:item=1119734784&perks=1392496348,2420895100,2946784966,11612903
dimwishlist:item=1119734784&perks=1392496348,2420895100,2946784966,3425386926
dimwishlist:item=1119734784&perks=1392496348,2420895100,1820235745,11612903
dimwishlist:item=1119734784&perks=1392496348,2420895100,1820235745,3425386926
dimwishlist:item=1119734784&perks=1392496348,1431678320,2946784966,11612903
dimwishlist:item=1119734784&perks=1392496348,1431678320,2946784966,3425386926
dimwishlist:item=1119734784&perks=1392496348,1431678320,1820235745,11612903
dimwishlist:item=1119734784&perks=1392496348,1431678320,1820235745,3425386926
dimwishlist:item=1119734784&perks=1392496348,3230963543,2946784966,11612903
dimwishlist:item=1119734784&perks=1392496348,3230963543,2946784966,3425386926
dimwishlist:item=1119734784&perks=1392496348,3230963543,1820235745,11612903
dimwishlist:item=1119734784&perks=1392496348,3230963543,1820235745,3425386926
dimwishlist:item=1119734784&perks=1482024992,3177308360,2946784966,11612903
dimwishlist:item=1119734784&perks=1482024992,3177308360,2946784966,3425386926
dimwishlist:item=1119734784&perks=1482024992,3177308360,1820235745,11612903
dimwishlist:item=1119734784&perks=1482024992,3177308360,1820235745,3425386926
dimwishlist:item=1119734784&perks=1482024992,3142289711,2946784966,11612903
dimwishlist:item=1119734784&perks=1482024992,3142289711,2946784966,3425386926
dimwishlist:item=1119734784&perks=1482024992,3142289711,1820235745,11612903
dimwishlist:item=1119734784&perks=1482024992,3142289711,1820235745,3425386926
dimwishlist:item=1119734784&perks=1482024992,1087426260,2946784966,11612903
dimwishlist:item=1119734784&perks=1482024992,1087426260,2946784966,3425386926
dimwishlist:item=1119734784&perks=1482024992,1087426260,1820235745,11612903
dimwishlist:item=1119734784&perks=1482024992,1087426260,1820235745,3425386926
dimwishlist:item=1119734784&perks=1482024992,106909392,2946784966,11612903
dimwishlist:item=1119734784&perks=1482024992,106909392,2946784966,3425386926
dimwishlist:item=1119734784&perks=1482024992,106909392,1820235745,11612903
dimwishlist:item=1119734784&perks=1482024992,106909392,1820235745,3425386926
dimwishlist:item=1119734784&perks=1482024992,2420895100,2946784966,11612903
dimwishlist:item=1119734784&perks=1482024992,2420895100,2946784966,3425386926
dimwishlist:item=1119734784&perks=1482024992,2420895100,1820235745,11612903
dimwishlist:item=1119734784&perks=1482024992,2420895100,1820235745,3425386926
dimwishlist:item=1119734784&perks=1482024992,1431678320,2946784966,11612903
dimwishlist:item=1119734784&perks=1482024992,1431678320,2946784966,3425386926
dimwishlist:item=1119734784&perks=1482024992,1431678320,1820235745,11612903
dimwishlist:item=1119734784&perks=1482024992,1431678320,1820235745,3425386926
dimwishlist:item=1119734784&perks=1482024992,3230963543,2946784966,11612903
dimwishlist:item=1119734784&perks=1482024992,3230963543,2946784966,3425386926
dimwishlist:item=1119734784&perks=1482024992,3230963543,1820235745,11612903
dimwishlist:item=1119734784&perks=1482024992,3230963543,1820235745,3425386926


// Wolftone Draw - wothin's preferred. MW: draw time ()
//notes: wothin's preferred. MW: draw time
dimwishlist:item=3472875143&perks=3768438372,2154191829,201365942,2848615171


// Wolftone Draw - wothin's second choice. MW: draw/reload ()
//notes: wothin's second choice. MW: draw/reload
dimwishlist:item=3472875143&perks=1196733167,16392701,201365942,2848615171
dimwishlist:item=3472875143&perks=1196733167,16392701,951095735,2848615171
dimwishlist:item=3472875143&perks=1196733167,3429800428,201365942,2848615171
dimwishlist:item=3472875143&perks=1196733167,3429800428,951095735,2848615171
dimwishlist:item=3472875143&perks=1196733167,3311977193,201365942,2848615171
dimwishlist:item=3472875143&perks=1196733167,3311977193,951095735,2848615171
dimwishlist:item=3472875143&perks=1196733167,1500996326,201365942,2848615171
dimwishlist:item=3472875143&perks=1196733167,1500996326,951095735,2848615171
dimwishlist:item=3472875143&perks=1196733167,3827198035,201365942,2848615171
dimwishlist:item=3472875143&perks=1196733167,3827198035,951095735,2848615171
dimwishlist:item=3472875143&perks=2801223209,16392701,201365942,2848615171
dimwishlist:item=3472875143&perks=2801223209,16392701,951095735,2848615171
dimwishlist:item=3472875143&perks=2801223209,3429800428,201365942,2848615171
dimwishlist:item=3472875143&perks=2801223209,3429800428,951095735,2848615171
dimwishlist:item=3472875143&perks=2801223209,3311977193,201365942,2848615171
dimwishlist:item=3472875143&perks=2801223209,3311977193,951095735,2848615171
dimwishlist:item=3472875143&perks=2801223209,1500996326,201365942,2848615171
dimwishlist:item=3472875143&perks=2801223209,1500996326,951095735,2848615171
dimwishlist:item=3472875143&perks=2801223209,3827198035,201365942,2848615171
dimwishlist:item=3472875143&perks=2801223209,3827198035,951095735,2848615171
dimwishlist:item=3472875143&perks=4067834857,16392701,201365942,2848615171
dimwishlist:item=3472875143&perks=4067834857,16392701,951095735,2848615171
dimwishlist:item=3472875143&perks=4067834857,3429800428,201365942,2848615171
dimwishlist:item=3472875143&perks=4067834857,3429800428,951095735,2848615171
dimwishlist:item=3472875143&perks=4067834857,3311977193,201365942,2848615171
dimwishlist:item=3472875143&perks=4067834857,3311977193,951095735,2848615171
dimwishlist:item=3472875143&perks=4067834857,1500996326,201365942,2848615171
dimwishlist:item=3472875143&perks=4067834857,1500996326,951095735,2848615171
dimwishlist:item=3472875143&perks=4067834857,3827198035,201365942,2848615171
dimwishlist:item=3472875143&perks=4067834857,3827198035,951095735,2848615171
dimwishlist:item=3472875143&perks=3371775011,16392701,201365942,2848615171
dimwishlist:item=3472875143&perks=3371775011,16392701,951095735,2848615171
dimwishlist:item=3472875143&perks=3371775011,3429800428,201365942,2848615171
dimwishlist:item=3472875143&perks=3371775011,3429800428,951095735,2848615171
dimwishlist:item=3472875143&perks=3371775011,3311977193,201365942,2848615171
dimwishlist:item=3472875143&perks=3371775011,3311977193,951095735,2848615171
dimwishlist:item=3472875143&perks=3371775011,1500996326,201365942,2848615171
dimwishlist:item=3472875143&perks=3371775011,1500996326,951095735,2848615171
dimwishlist:item=3472875143&perks=3371775011,3827198035,201365942,2848615171
dimwishlist:item=3472875143&perks=3371775011,3827198035,951095735,2848615171
dimwishlist:item=3472875143&perks=1784898267,16392701,201365942,2848615171
dimwishlist:item=3472875143&perks=1784898267,16392701,951095735,2848615171
dimwishlist:item=3472875143&perks=1784898267,3429800428,201365942,2848615171
dimwishlist:item=3472875143&perks=1784898267,3429800428,951095735,2848615171
dimwishlist:item=3472875143&perks=1784898267,3311977193,201365942,2848615171
dimwishlist:item=3472875143&perks=1784898267,3311977193,951095735,2848615171
dimwishlist:item=3472875143&perks=1784898267,1500996326,201365942,2848615171
dimwishlist:item=3472875143&perks=1784898267,1500996326,951095735,2848615171
dimwishlist:item=3472875143&perks=1784898267,3827198035,201365942,2848615171
dimwishlist:item=3472875143&perks=1784898267,3827198035,951095735,2848615171
dimwishlist:item=3472875143&perks=852209214,16392701,201365942,2848615171
dimwishlist:item=3472875143&perks=852209214,16392701,951095735,2848615171
dimwishlist:item=3472875143&perks=852209214,3429800428,201365942,2848615171
dimwishlist:item=3472875143&perks=852209214,3429800428,951095735,2848615171
dimwishlist:item=3472875143&perks=852209214,3311977193,201365942,2848615171
dimwishlist:item=3472875143&perks=852209214,3311977193,951095735,2848615171
dimwishlist:item=3472875143&perks=852209214,1500996326,201365942,2848615171
dimwishlist:item=3472875143&perks=852209214,1500996326,951095735,2848615171
dimwishlist:item=3472875143&perks=852209214,3827198035,201365942,2848615171
dimwishlist:item=3472875143&perks=852209214,3827198035,951095735,2848615171


